RSID,CHR,POS,EFF,REF,EAF,VEPGene,nearestGene,Locusnaming,Consequence,Previousassociation_locuslevel,N,Betadays
rs12037376,1,22462111,G,A,0.7662,WNT4,WNT4,WNT4,intron_variant,Yes,192084,-0.5999
rs625036,1,42270779,G,A,0.636,HIVEP3,HIVEP3,HIVEP3,intron_variant,No,171507,0.2746
rs72898946,1,50959262,C,A,0.1027,FAF1,FAF1,FAF1,intron_variant,No,171507,0.4565
rs34555419,2,74235926,G,A,0.0538,-,TET3,TET3,-,No,168551,-0.9079
rs9823520,3,14293832,G,A,0.7833,-,LSM3,LSM3,intergenic_variant,No,170139,-0.3472
rs28654158,3,123112292,T,C,0.598,ADCY5,ADCY5,ADCY5,intron_variant,Yes,189126,-0.3266
rs2659685,3,128122396,G,A,0.7062,EEFSEC,EEFSEC,EEFSEC,intron_variant,Yes,164225,-0.3426
rs62270785,3,139004333,G,A,0.0223,-,MRPS22,MRPS22,-,No,168818,-1.0561
rs7650602,3,141147414,T,C,0.5247,ZBTB38,ZBTB38,ZBTB38,intron_variant,No,190717,-0.3187
rs4359773,3,155862524,G,A,0.4224,KCNAB1,KCNAB1,KCNAB1,intron_variant,No,170140,-0.4598
rs6780427,3,156697097,G,A,0.4029,LEKR1,LEKR,KCNAB1,5_prime_UTR_variant,No,170140,0.2657
rs113828443,4,55895282,T,C,0.0701,-,KDR,KDR,-,No,170139,-0.5723
rs6831441,4,174733296,T,G,0.7012,-,HAND2,HAND2,intergenic_variant,No,170140,-0.3316
rs2963463,5,157895049,T,C,0.2678,RP11-542A14.2,EBF1,EBF1,downstream_gene_variant,Yes,168551,-0.7696
rs6879092,5,158058432,T,G,0.5075,-,EBF1,EBF1,intergenic_variant,Yes,168550,0.234
rs3129768,6,32595083,T,G,0.7553,HLA-DQA1,HLA-DQA1,HLA-DQA1,upstream_gene_variant,No,183499,-0.3729
rs6472846,8,75315146,G,C,0.5801,GDAP1,GDAP1,GDAP1intron_variant,non_coding_transcript_variant,No,170140,-0.3509
rs143530128,8,124603784,G,A,0.9758,-,FBXO32,FBXO32,-,No,170140,0.8931
rs7023208,9,116935764,G,C,0.3376,COL27A1,COL27A1,COL27A1,intron_variant,No,170139,-0.3465
rs2387280,16,4339684,T,A,0.2539,-,TFAP4,TFAP4,intergenic_variant,No,170136,-0.3205
rs17713682,17,12416363,T,G,0.1949,-,MYOCD,MYOCD,intergenic_variant,No,190711,-0.3308
rs6090040,20,62692060,C,A,0.4971,TCEA2,TCEA2,TCEA2,upstream_gene_variant,No,170138,0.3021
rs5991030,X,115129904,T,C,0.5633,-,AGTR2,AGTR2,intergenic_variant,Yes,189456,0.486
rs5930554,X,131312089,T,C,0.6766,-,RAP2C,RAP2C,intergenic_variant,No,167294,0.3247

